Activity Name,Physiological Need,Self-Actualization,Chakra Balance,Objective Clarity,Interactivity,Time Quantum (Speed),Spatial Needs,Discovery Amount,Response Intensity,Challenge Alignment,Personalization Depth,Avatar Agency,Learning Curve,Randomicity
Minecraft (Creative),2.0,9.5,8.0,2.0,9.0,5.0,10.0,9.0,4.0,5.0,10.0,9.0,4.0,7.0
The Sims 4,1.0,6.0,4.0,3.0,8.5,4.0,5.0,7.0,5.0,3.0,9.0,10.0,3.0,5.0
Elden Ring,1.0,7.0,3.0,9.0,9.5,9.5,8.0,9.5,9.5,9.5,6.0,9.0,9.0,2.0
Stardew Valley,2.0,7.0,8.5,6.0,8.0,4.0,4.0,8.0,6.0,4.0,7.5,8.0,3.5,4.0
Tetris,1.0,3.0,2.0,10.0,9.0,9.5,1.0,2.0,8.0,10.0,1.0,2.0,2.0,8.0
Chess,1.0,8.0,5.0,10.0,8.0,3.0,2.0,9.0,7.0,10.0,2.0,1.0,9.5,0.0
League of Legends,1.0,4.0,1.0,9.0,9.5,9.8,3.0,6.0,9.8,9.0,4.0,8.5,9.8,3.0
Candy Crush,1.0,1.0,1.0,10.0,7.0,8.0,1.0,3.0,7.5,6.0,1.0,0.0,1.5,7.0
Civilization VI,1.0,8.5,4.0,9.0,7.0,2.0,10.0,9.0,6.0,8.0,6.0,1.0,8.5,6.5
Deep Meditation,5.0,10.0,10.0,1.0,2.0,0.5,1.0,9.5,2.0,7.0,10.0,10.0,8.0,1.0
Walking in Nature,6.0,8.0,9.0,2.0,4.0,3.0,10.0,8.5,4.5,2.0,5.0,10.0,1.0,6.0
Cooking (New Recipe),8.0,7.5,6.0,8.5,9.0,6.0,3.0,7.0,8.5,7.0,8.0,10.0,6.0,4.0
Soccer (Football),9.0,7.0,5.0,10.0,9.8,9.5,10.0,6.0,9.5,8.5,4.0,10.0,7.0,5.0
Oil Painting,2.0,9.8,9.0,2.0,9.0,4.0,3.0,9.0,7.0,8.0,10.0,10.0,8.5,2.0
HIIT Workout,10.0,6.0,4.0,9.0,3.0,9.0,2.0,1.0,10.0,9.0,1.0,10.0,3.0,1.0
Socializing (Party),1.0,5.0,7.0,2.0,9.5,7.0,6.0,9.0,8.5,6.0,9.0,10.0,5.0,9.0
Monopoly,1.0,2.0,2.0,10.0,7.0,3.0,2.0,3.0,7.0,5.0,2.0,1.0,2.0,10.0
Portal 2,1.0,8.0,4.0,10.0,9.0,6.0,6.0,9.0,8.0,9.0,2.0,8.5,7.5,0.0
Call of Duty,1.0,3.0,1.0,10.0,9.7,9.9,6.0,5.0,9.9,8.5,6.0,9.0,7.5,4.0
It Takes Two,1.0,7.0,8.0,10.0,9.5,8.0,7.0,9.5,8.5,7.5,3.0,9.0,5.0,2.0
Hot Showering,9.5,3.0,8.5,1.0,2.0,3.0,1.0,1.0,6.0,1.0,2.0,10.0,0.5,1.0
Commute Driving,2.0,1.0,2.0,8.0,6.0,7.5,10.0,4.0,5.0,5.0,2.0,10.0,4.0,6.0
Lucid Dreaming,3.0,10.0,10.0,4.0,8.0,5.0,0.0,10.0,9.0,9.5,10.0,10.0,9.8,9.0
Academic Studying,1.0,8.5,5.0,7.0,4.0,2.0,1.0,9.5,3.0,8.5,4.0,10.0,9.0,1.0
Gardening,6.0,8.5,9.5,5.0,8.0,2.0,5.0,8.0,5.0,4.0,8.5,10.0,5.0,4.0
Journaling,2.0,9.5,10.0,2.0,6.0,3.0,1.0,9.5,6.0,6.0,10.0,10.0,3.0,1.0
Rocket League,1.0,5.0,3.0,10.0,9.8,10.0,4.0,5.0,9.5,10.0,6.0,9.0,9.9,2.0
Animal Crossing,2.0,6.0,9.0,4.0,8.0,3.0,5.0,7.5,4.0,2.0,9.5,8.5,2.0,5.0
Super Mario Odyssey,1.0,7.0,6.0,9.0,9.5,8.5,8.0,9.8,8.5,7.0,5.0,9.5,4.0,3.0
Solo Dancing,8.0,9.0,9.0,1.0,9.0,8.5,4.0,7.0,9.0,6.0,10.0,10.0,5.0,3.0